   78.35530000
   18.00000000
    1.00000000
    1.60703575
    0.21519976
    1.04307512
    0.00000000
    0.00000000
   -0.12543428    1.03275047    0.29913639
    0.00000000    1.00000000    0.00000000
    0.00000000    1.00000000    0.00000000
    0.00000000    1.00000000    0.00000000
    0.00000000    1.00000000    0.00000000
   -0.01419102    1.09272800    0.65430476
    0.27576004    1.18881376    0.01548829
    1.06708949    0.40000000    0.05075290
    0.00000000    1.00000000    0.00000000
    0.00000000    1.00000000    0.00000000
    0.00000000    1.00000000    0.00000000
    0.00000000    1.00000000    0.00000000
    0.00000000    1.00000000    0.00000000
    0.00000000    1.00000000    0.00000000
   -0.06608871    1.12464180    0.01662649
   -0.31713638    0.40000000    0.09916787
    0.00000000    1.00000000    0.00000000
    0.00000000    1.00000000    0.00000000
    0.00000000    1.00000000    0.00000000
    0.00000000    1.00000000    0.00000000
    0.00000000    1.00000000    0.00000000
    0.00000000    1.00000000    0.00000000
    0.00000000    1.00000000    0.00000000
    0.00000000    1.00000000    0.00000000
    0.00000000    1.00000000    0.00000000
    0.00000000    1.00000000    0.00000000
    0.00000000    1.00000000    0.00000000
    0.00000000    1.00000000    0.00000000
    0.00000000    1.00000000    0.00000000
    0.00000000    1.00000000    0.00000000
    0.00000000    1.00000000    0.00000000
    0.00000000    1.00000000    0.00000000
    0.00000000    1.00000000    0.00000000
    0.00000000    1.00000000    0.00000000
    0.00000000    1.00000000    0.00000000
    0.00000000    1.00000000    0.00000000
    0.00000000    1.00000000    0.00000000
    0.00000000    1.00000000    0.00000000
    0.00000000    1.00000000    0.00000000
    0.00000000    1.00000000    0.00000000
    0.00000000    1.00000000    0.00000000
    0.00000000    1.00000000    0.00000000
    0.00000000    1.00000000    0.00000000
    0.00000000    1.00000000    0.00000000
    0.00000000    1.00000000    0.00000000
    0.00000000    1.00000000    0.00000000
    0.00000000    1.00000000    0.00000000
    0.00000000    1.00000000    0.00000000
    0.00000000    1.00000000    0.00000000
    0.00000000    1.00000000    0.00000000
    0.00000000    1.00000000    0.00000000
    0.00000000    1.00000000    0.00000000
   -0.07916341    1.27535779   -0.06761556
    0.00000000    1.00000000    0.00000000
    0.00000000    1.00000000    0.00000000
    0.00000000    1.00000000    0.00000000
    0.00000000    1.00000000    0.00000000
    0.00000000    1.00000000    0.00000000
    0.00000000    1.00000000    0.00000000
    0.00000000    1.00000000    0.00000000
    0.00000000    1.00000000    0.00000000
    0.00000000    1.00000000    0.00000000
    0.00000000    1.00000000    0.00000000
    0.00000000    1.00000000    0.00000000
    0.00000000    1.00000000    0.00000000
    0.00000000    1.00000000    0.00000000
    0.00000000    1.00000000    0.00000000
    0.00000000    1.00000000    0.00000000
    0.00000000    1.00000000    0.00000000
    0.00000000    1.00000000    0.00000000
    0.00000000    1.00000000    0.00000000
    0.00000000    1.00000000    0.00000000
    0.00000000    1.00000000    0.00000000
    0.00000000    1.00000000    0.00000000
    0.00000000    1.00000000    0.00000000
    0.00000000    1.00000000    0.00000000
    0.00000000    1.00000000    0.00000000
    0.00000000    1.00000000    0.00000000
    0.00000000    1.00000000    0.00000000
    0.00000000    1.00000000    0.00000000
    0.00000000    1.00000000    0.00000000
    0.00000000    1.00000000    0.00000000
    0.00000000    1.00000000    0.00000000
    0.00000000    1.00000000    0.00000000
    0.00000000    1.00000000    0.00000000
    0.00000000    1.00000000    0.00000000
    0.00000000    1.00000000    0.00000000
    0.00000000    1.00000000    0.00000000
    0.00000000    1.00000000    0.00000000
    0.00000000    1.00000000    0.00000000
    0.00000000    1.00000000    0.00000000
    0.00000000    1.00000000    0.00000000
    0.00000000    1.00000000    0.00000000
    0.00000000    1.00000000    0.00000000
