   78.35530000
   18.00000000
    1.00000000
    1.19415017
    1.32139063
    1.27402770
    0.00000000
    0.00000000
    0.04604381    0.40000000    0.00723019
    0.00000000    1.00000000    0.00000000
    0.00000000    1.00000000    0.00000000
    0.00000000    1.00000000    0.00000000
    0.00000000    1.00000000    0.00000000
   -0.15450037    1.01100105    2.29865858
    0.11982342    1.30800220    2.24904190
    1.41081960    0.40000000    0.14078650
    0.81520817    0.40000000    0.08464706
    0.00000000    1.00000000    0.00000000
    7.02691028    1.34145443    0.00000000
    0.76107172    0.19295006    0.00000000
    0.00000000    1.00000000    0.00000000
    0.00000000    1.00000000    0.00000000
   -0.12678033    1.19616330    0.86720023
   -0.17126692    0.96766221    2.04424506
    0.06322094    0.40000000    0.27211278
    0.00000000    1.00000000    0.00000000
   -0.24214938    1.32871940    0.00000000
    1.86228066    0.40000000    0.00000000
    0.00000000    1.00000000    0.00000000
    0.00000000    1.00000000    0.00000000
    0.00000000    1.00000000    0.00000000
    0.00000000    1.00000000    0.00000000
    0.00000000    1.00000000    0.00000000
    0.00000000    1.00000000    0.00000000
    0.00000000    1.00000000    0.00000000
    0.00000000    1.00000000    0.00000000
    0.00000000    1.00000000    0.00000000
    6.76088205    0.40000000    0.00000000
    0.00000000    1.00000000    0.00000000
    0.00000000    1.00000000    0.00000000
    0.00000000    1.00000000    0.00000000
    0.00000000    1.00000000    2.37162766
    0.02465955    1.47943173    0.22436055
    0.00000000    1.00000000    0.00000000
    0.00000000    1.00000000    0.00000000
    0.00000000    1.00000000    0.00000000
    0.00000000    1.00000000    0.00000000
    0.00000000    1.00000000    0.00000000
    0.00000000    1.00000000    0.00000000
    0.00000000    1.00000000    0.00000000
    0.00000000    1.00000000    0.00000000
    0.00000000    1.00000000    0.00000000
    0.00000000    1.00000000    0.00000000
    0.00000000    1.00000000    0.00000000
    0.00000000    1.00000000    0.00000000
    0.00000000    1.00000000    0.00000000
    0.00000000    1.00000000    0.00000000
    0.00000000    1.00000000    0.00000000
    0.00000000    1.00000000    0.00000000
    0.00000000    1.00000000    0.00000000
   -0.07916341    1.27535779   -0.06761556
    0.00000000    1.00000000    0.00000000
    0.00000000    1.00000000    0.00000000
    0.00000000    1.00000000    0.00000000
    0.00000000    1.00000000    0.00000000
    0.00000000    1.00000000    0.00000000
    0.00000000    1.00000000    0.00000000
    0.00000000    1.00000000    0.00000000
    0.00000000    1.00000000    0.00000000
    0.00000000    1.00000000    0.00000000
    0.00000000    1.00000000    0.00000000
    0.00000000    1.00000000    0.00000000
    0.00000000    1.00000000    0.00000000
    0.00000000    1.00000000    0.00000000
    0.00000000    1.00000000    0.00000000
    0.00000000    1.00000000    0.00000000
    0.00000000    1.00000000    0.00000000
    0.00000000    1.00000000    0.00000000
    0.00000000    1.00000000    0.00000000
    0.00000000    1.00000000    0.00000000
    0.00000000    1.00000000    0.00000000
    0.00000000    1.00000000    0.00000000
    0.00000000    1.00000000    0.00000000
    0.00000000    1.00000000    0.00000000
    0.00000000    1.00000000    0.00000000
    0.00000000    1.00000000    0.00000000
    0.00000000    1.00000000    0.00000000
    0.00000000    1.00000000    0.00000000
    0.00000000    1.00000000    0.00000000
    0.00000000    1.00000000    0.00000000
    0.00000000    1.00000000    0.00000000
    0.00000000    1.00000000    0.00000000
    0.00000000    1.00000000    0.00000000
    0.00000000    1.00000000    0.00000000
    0.00000000    1.00000000    0.00000000
    0.00000000    1.00000000    0.00000000
    0.00000000    1.00000000    0.00000000
    0.00000000    1.00000000    0.00000000
    0.00000000    1.00000000    0.00000000
    0.00000000    1.00000000    0.00000000
    0.00000000    1.00000000    0.00000000
    0.00000000    1.00000000    0.00000000
